xof 0303txt 0032
template ColorRGBA {
 <35ff44e0-6c7c-11cf-8f52-0040333594a3>
 FLOAT red;
 FLOAT green;
 FLOAT blue;
 FLOAT alpha;
}

template ColorRGB {
 <d3e16e81-7835-11cf-8f52-0040333594a3>
 FLOAT red;
 FLOAT green;
 FLOAT blue;
}

template Material {
 <3d82ab4d-62da-11cf-ab39-0020af71e433>
 ColorRGBA faceColor;
 FLOAT power;
 ColorRGB specularColor;
 ColorRGB emissiveColor;
 [...]
}

template TextureFilename {
 <a42790e1-7810-11cf-8f52-0040333594a3>
 STRING filename;
}

template Frame {
 <3d82ab46-62da-11cf-ab39-0020af71e433>
 [...]
}

template Matrix4x4 {
 <f6f23f45-7686-11cf-8f52-0040333594a3>
 array FLOAT matrix[16];
}

template FrameTransformMatrix {
 <f6f23f41-7686-11cf-8f52-0040333594a3>
 Matrix4x4 frameMatrix;
}

template Vector {
 <3d82ab5e-62da-11cf-ab39-0020af71e433>
 FLOAT x;
 FLOAT y;
 FLOAT z;
}

template MeshFace {
 <3d82ab5f-62da-11cf-ab39-0020af71e433>
 DWORD nFaceVertexIndices;
 array DWORD faceVertexIndices[nFaceVertexIndices];
}

template Mesh {
 <3d82ab44-62da-11cf-ab39-0020af71e433>
 DWORD nVertices;
 array Vector vertices[nVertices];
 DWORD nFaces;
 array MeshFace faces[nFaces];
 [...]
}

template MeshMaterialList {
 <f6f23f42-7686-11cf-8f52-0040333594a3>
 DWORD nMaterials;
 DWORD nFaceIndexes;
 array DWORD faceIndexes[nFaceIndexes];
 [Material <3d82ab4d-62da-11cf-ab39-0020af71e433>]
}

template VertexElement {
 <f752461c-1e23-48f6-b9f8-8350850f336f>
 DWORD Type;
 DWORD Method;
 DWORD Usage;
 DWORD UsageIndex;
}

template DeclData {
 <bf22e553-292c-4781-9fea-62bd554bdd93>
 DWORD nElements;
 array VertexElement Elements[nElements];
 DWORD nDWords;
 array DWORD data[nDWords];
}

template XSkinMeshHeader {
 <3cf169ce-ff7c-44ab-93c0-f78f62d172e2>
 WORD nMaxSkinWeightsPerVertex;
 WORD nMaxSkinWeightsPerFace;
 WORD nBones;
}

template SkinWeights {
 <6f0d123b-bad2-4167-a0d0-80224f25fabb>
 STRING transformNodeName;
 DWORD nWeights;
 array DWORD vertexIndices[nWeights];
 array FLOAT weights[nWeights];
 Matrix4x4 matrixOffset;
}

template AnimTicksPerSecond {
 <9e415a43-7ba6-4a73-8743-b73d47e88476>
 DWORD AnimTicksPerSecond;
}

template Animation {
 <3d82ab4f-62da-11cf-ab39-0020af71e433>
 [...]
}

template AnimationSet {
 <3d82ab50-62da-11cf-ab39-0020af71e433>
 [Animation <3d82ab4f-62da-11cf-ab39-0020af71e433>]
}

template FloatKeys {
 <10dd46a9-775b-11cf-8f52-0040333594a3>
 DWORD nValues;
 array FLOAT values[nValues];
}

template TimedFloatKeys {
 <f406b180-7b3b-11cf-8f52-0040333594a3>
 DWORD time;
 FloatKeys tfkeys;
}

template AnimationKey {
 <10dd46a8-775b-11cf-8f52-0040333594a3>
 DWORD keyType;
 DWORD nKeys;
 array TimedFloatKeys keys[nKeys];
}


Material Mat_Eye_L {
 0.588000;0.588000;0.588000;1.000000;;
 80.000000;
 0.100000;0.100000;0.100000;;
 0.000000;0.000000;0.000000;;

 TextureFilename {
  "Draugreyes_g.dds";
 }

 TextureFilename {
  "Draugreyes.dds";
 }
}

Material Mat_Eye_R {
 0.588000;0.588000;0.588000;1.000000;;
 80.000000;
 0.100000;0.100000;0.100000;;
 0.000000;0.000000;0.000000;;

 TextureFilename {
  "Draugreyes_g.dds";
 }

 TextureFilename {
  "Draugreyes.dds";
 }
}

Material Mat_Body_Male_Naked {
 0.588000;0.588000;0.588000;1.000000;;
 80.000000;
 0.100000;0.100000;0.100000;;
 0.000000;0.000000;0.000000;;

 TextureFilename {
  "Draugr.dds";
 }
}

Material Mat_ArmorChest00 {
 0.588000;0.588000;0.588000;1.000000;;
 80.000000;
 0.100000;0.100000;0.100000;;
 0.000000;0.000000;0.000000;;

 TextureFilename {
  "Armor.dds";
 }
}

Material Mat_ArmorWaist01 {
 0.588000;0.588000;0.588000;1.000000;;
 80.000000;
 0.100000;0.100000;0.100000;;
 0.000000;0.000000;0.000000;;

 TextureFilename {
  "Armor.dds";
 }
}

Material Mat_ArmorWaist00 {
 0.588000;0.588000;0.588000;1.000000;;
 80.000000;
 0.100000;0.100000;0.100000;;
 0.000000;0.000000;0.000000;;

 TextureFilename {
  "Armor.dds";
 }
}

Frame SceneRoot {
 

 FrameTransformMatrix {
  1.000000,0.000000,0.000000,0.000000,0.000000,1.000000,0.000000,0.000000,0.000000,0.000000,1.000000,0.000000,0.000000,0.000000,0.000000,1.000000;;
 }

 Frame _ {
  

  FrameTransformMatrix {
   1.000000,0.000000,0.000000,0.000000,0.000000,1.000000,0.000000,0.000000,0.000000,0.000000,1.000000,0.000000,0.000000,0.000000,0.000000,1.000000;;
  }

  Frame NPC_Root__Root_ {
   

   FrameTransformMatrix {
    1.000000,0.000000,0.000000,0.000000,0.000000,1.000000,-0.000000,0.000000,-0.000000,0.000000,1.000000,0.000000,0.000000,-0.000000,-0.000000,1.000000;;
   }

   Frame NPC_COM__COM__ {
    

    FrameTransformMatrix {
     1.000000,0.000000,0.000000,0.000000,-0.000000,1.000000,0.000000,0.000000,0.000000,0.000000,1.000000,0.000000,-1.863853,72.071584,-1.791955,1.000000;;
    }

    Frame NPC_Pelvis__Pelv_ {
     

     FrameTransformMatrix {
      0.929565,0.082412,-0.359329,0.000000,-0.116861,0.990298,-0.075188,0.000000,0.349647,0.111884,0.930177,0.000000,0.000000,0.000000,0.000000,1.000000;;
     }

     Frame NPC_L_Thigh__LThg_ {
      

      FrameTransformMatrix {
       -0.790098,0.034206,-0.612025,0.000000,-0.463021,-0.687591,0.559312,0.000000,-0.401692,0.725292,0.559102,0.000000,-7.460985,-4.395722,-1.014238,1.000000;;
      }

      Frame NPC_L_Calf__LClf_ {
       

       FrameTransformMatrix {
        0.993965,-0.095943,0.053193,0.000000,0.093869,0.492894,-0.865011,0.000000,0.056774,0.864784,0.498925,0.000000,-0.000000,32.227693,0.000000,1.000000;;
       }

       Frame NPC_L_Foot__LLft__ {
        

        FrameTransformMatrix {
         0.999949,0.003051,-0.009585,0.000000,0.007654,0.387520,0.921830,0.000000,0.006527,-0.921856,0.387477,0.000000,-0.000000,38.830202,0.000002,1.000000;;
        }

        Frame NPC_L_Toe0__LToe_ {
         

         FrameTransformMatrix {
          0.999994,0.003491,-0.000001,0.000000,-0.002883,0.826007,0.563652,0.000000,0.001968,-0.563649,0.826012,0.000000,-0.000041,13.704467,-0.018280,1.000000;;
         }
        }
       }
      }
     }

     Frame NPC_R_Thigh__RThg_ {
      

      FrameTransformMatrix {
       -0.741540,-0.142112,0.655685,0.000000,0.443190,-0.837478,0.319708,0.000000,0.503687,0.527670,0.684005,0.000000,7.460612,-4.395737,-1.068297,1.000000;;
      }

      Frame NPC_R_Calf__RClf_ {
       

       FrameTransformMatrix {
        0.990257,0.131879,-0.044714,0.000000,-0.108709,0.531439,-0.840093,0.000000,-0.087028,0.836768,0.540597,0.000000,0.000001,32.559434,-0.000004,1.000000;;
       }

       Frame NPC_R_Foot__Rft__ {
        

        FrameTransformMatrix {
         0.923955,-0.148035,-0.352694,0.000000,0.379411,0.237727,0.894166,0.000000,-0.048523,-0.959985,0.275815,0.000000,-0.000002,38.616246,0.000001,1.000000;;
        }

        Frame NPC_R_Toe0__RToe_ {
         

         FrameTransformMatrix {
          0.999994,-0.003491,0.000000,0.000000,0.002883,0.826008,0.563652,0.000000,-0.001968,-0.563648,0.826012,0.000000,0.000040,13.704467,-0.018284,1.000000;;
         }
        }
       }
      }
     }

     Frame WeaponAxe {
      

      FrameTransformMatrix {
       -0.068539,-0.585852,0.807515,0.000000,-0.975147,0.210278,0.069789,0.000000,-0.210688,-0.782663,-0.585704,0.000000,-13.426387,6.912636,4.906750,1.000000;;
      }
     }

     Frame WeaponSword {
      

      FrameTransformMatrix {
       -0.068539,-0.585852,0.807515,0.000000,-0.975147,0.210278,0.069789,0.000000,-0.210688,-0.782663,-0.585704,0.000000,-13.426387,6.912643,4.906752,1.000000;;
      }
     }

     Frame WeaponMace {
      

      FrameTransformMatrix {
       -0.068539,-0.585852,0.807515,0.000000,-0.975147,0.210278,0.069789,0.000000,-0.210688,-0.782663,-0.585704,0.000000,-13.426387,6.912636,4.906750,1.000000;;
      }
     }

     Frame NPC_Pelvis__Tail_ {
      

      FrameTransformMatrix {
       -0.999962,-0.008726,0.000001,0.000000,0.008726,-0.999962,0.000000,0.000000,0.000000,0.000000,1.000000,0.000000,0.000000,0.000000,0.000000,1.000000;;
      }
     }
    }

    Frame NPC_Spine__Spn0_ {
     

     FrameTransformMatrix {
      0.935434,0.005673,-0.353455,0.000000,-0.010637,0.999870,-0.012103,0.000000,0.353341,0.015081,0.935373,0.000000,-0.000000,3.538872,-4.890519,1.000000;;
     }

     Frame NPC_Spine1__Spn1_ {
      

      FrameTransformMatrix {
       0.999261,0.014182,-0.035735,0.000000,-0.009249,0.990856,0.134604,0.000000,0.037317,-0.134174,0.990255,0.000000,-0.000000,7.984382,-0.000003,1.000000;;
      }

      Frame NPC_Spine2__Spn2_ {
       

       FrameTransformMatrix {
        0.997547,0.069652,-0.007017,0.000000,-0.054961,0.841312,0.537749,0.000000,0.043359,-0.536044,0.843076,0.000000,-0.000000,8.261131,0.000002,1.000000;;
       }

       Frame NPC_Neck__Neck_ {
        

        FrameTransformMatrix {
         0.942785,-0.048230,0.329895,0.000000,-0.101307,0.901254,0.421280,0.000000,-0.317638,-0.430597,0.844803,0.000000,0.000001,22.237962,-2.417854,1.000000;;
        }

        Frame NPC_Head__Head_ {
         

         FrameTransformMatrix {
          0.975654,0.218304,-0.021057,0.000000,-0.142011,0.555669,-0.819186,0.000000,-0.167130,0.802232,0.573142,0.000000,0.000002,9.997940,0.000000,1.000000;;
         }

         Frame NPC_Head_MagicNode__Hmag_ {
          

          FrameTransformMatrix {
           1.000000,0.000000,-0.000000,0.000000,0.000000,1.000000,-0.000000,0.000000,-0.000000,0.000000,1.000000,0.000000,-0.000000,-3.667854,12.924206,1.000000;;
          }
         }

         Frame NPC_Head__Jaw_ {
          

          FrameTransformMatrix {
           1.000000,0.000000,-0.000000,0.000000,0.000000,1.000000,-0.000000,0.000000,-0.000000,0.000000,1.000000,0.000000,-0.024406,0.111023,2.488625,1.000000;;
          }

          Frame NPC_Head__Beard_ {
           

           FrameTransformMatrix {
            0.999809,0.001717,0.019465,0.000000,-0.001519,-0.986285,0.165040,0.000000,0.019481,-0.165039,-0.986094,0.000000,-0.069332,-6.308403,7.117582,1.000000;;
           }
          }
         }

         Frame NPC_Head__Brow_ {
          

          FrameTransformMatrix {
           1.000000,-0.000000,0.000000,0.000000,-0.000000,0.034900,0.999391,0.000000,-0.000000,-0.999391,0.034900,0.000000,-0.052692,4.615097,5.350750,1.000000;;
          }
         }

         Frame NPC_Head__ponytail0_ {
          

          FrameTransformMatrix {
           1.000000,0.000000,0.000000,0.000000,0.000000,-0.923879,-0.382683,0.000000,0.000000,0.382683,-0.923879,0.000000,0.043185,0.397560,-4.406638,1.000000;;
          }

          Frame NPC_Head__ponytail1_ {
           

           FrameTransformMatrix {
            1.000000,0.000000,0.000000,0.000000,0.000000,1.000000,0.000000,0.000000,0.000000,-0.000000,1.000000,0.000000,0.000000,4.927963,0.000011,1.000000;;
           }

           Frame NPC_Head__ponytail2_ {
            

            FrameTransformMatrix {
             1.000000,0.000000,0.000000,0.000000,0.000000,1.000000,0.000000,0.000000,0.000000,-0.000000,1.000000,0.000000,0.000000,4.928009,-0.000008,1.000000;;
            }

            Frame NPC_Head__ponytail3_ {
             

             FrameTransformMatrix {
              1.000000,0.000000,0.000000,0.000000,-0.000000,1.000000,0.000000,0.000000,0.000000,-0.000000,1.000000,0.000000,-0.000000,4.928002,0.000008,1.000000;;
             }
            }
           }
          }
         }
        }
       }

       Frame NPC_R_Clavicle__RClv_ {
        

        FrameTransformMatrix {
         -0.170012,-0.944333,-0.281658,0.000000,0.983508,-0.180495,0.011502,0.000000,-0.061699,-0.275058,0.959446,0.000000,3.806458,20.524605,-2.782951,1.000000;;
        }

        Frame NPC_R_UpperArm__RUar_ {
         

         FrameTransformMatrix {
          0.291066,-0.655589,0.696767,0.000000,0.532699,0.716015,0.451171,0.000000,-0.794678,0.239846,0.557639,0.000000,0.000008,11.349474,0.000000,1.000000;;
         }

         Frame NPC_R_Forearm__RLar_ {
          

          FrameTransformMatrix {
           1.000000,0.000000,-0.000000,0.000000,-0.000000,0.667701,0.744429,0.000000,0.000000,-0.744429,0.667701,0.000000,0.000000,25.574051,0.000000,1.000000;;
          }

          Frame NPC_R_Hand__RHnd_ {
           

           FrameTransformMatrix {
            -0.338502,-0.103092,0.935301,0.000000,0.376150,0.896282,0.234926,0.000000,-0.862513,0.431336,-0.264615,0.000000,0.000000,22.348888,0.000004,1.000000;;
           }

           Frame NPC_R_Finger00__RF00_ {
            

            FrameTransformMatrix {
             -0.650778,-0.265579,-0.711306,0.000000,0.375744,0.701423,-0.605659,0.000000,0.659776,-0.661418,-0.356681,0.000000,2.009350,4.285772,-1.913097,1.000000;;
            }

            Frame NPC_R_Finger01__RF01_ {
             

             FrameTransformMatrix {
              0.988651,0.135065,-0.065779,0.000000,-0.143327,0.979207,-0.143564,0.000000,0.045021,0.151363,0.987453,0.000000,0.000008,3.624443,-0.000008,1.000000;;
             }

             Frame NPC_R_Finger02__RF02_ {
              

              FrameTransformMatrix {
               0.998982,-0.044909,0.004097,0.000000,0.043136,0.925116,-0.377224,0.000000,0.013150,0.377017,0.926113,0.000000,-0.003265,4.707847,-0.005831,1.000000;;
              }
             }
            }
           }

           Frame NPC_R_Finger10__RF10_ {
            

            FrameTransformMatrix {
             0.993573,0.006431,0.113013,0.000000,0.004398,0.995439,-0.095304,0.000000,-0.113111,0.095188,0.989012,0.000000,3.522137,10.617394,-0.041920,1.000000;;
            }

            Frame NPC_R_Finger11__RF11_ {
             

             FrameTransformMatrix {
              1.000000,0.000001,0.000000,0.000000,-0.000001,0.999169,-0.040759,0.000000,-0.000000,0.040759,0.999169,0.000000,0.000008,3.813130,0.000008,1.000000;;
             }

             Frame NPC_R_Finger12__RF12_ {
              

              FrameTransformMatrix {
               1.000000,-0.000000,0.000000,0.000000,0.000000,0.967169,-0.254135,0.000000,-0.000000,0.254135,0.967169,0.000000,0.000008,3.438658,0.000000,1.000000;;
              }
             }
            }
           }

           Frame NPC_R_Finger20__RF20_ {
            

            FrameTransformMatrix {
             0.998862,-0.003569,-0.047553,0.000000,0.001963,0.999427,-0.033788,0.000000,0.047646,0.033656,0.998297,0.000000,1.082600,11.090298,0.648006,1.000000;;
            }

            Frame NPC_R_Finger21__RF21_ {
             

             FrameTransformMatrix {
              1.000000,-0.000000,0.000000,0.000000,0.000000,0.990504,-0.137486,0.000000,-0.000000,0.137486,0.990504,0.000000,-0.000008,4.579830,-0.000008,1.000000;;
             }

             Frame NPC_R_Finger22__RF22_ {
              

              FrameTransformMatrix {
               1.000000,0.000000,0.000000,0.000000,-0.000000,0.978531,-0.206100,0.000000,-0.000000,0.206100,0.978531,0.000000,-0.000004,3.860571,-0.000019,1.000000;;
              }
             }
            }
           }

           Frame NPC_R_Finger30__RF30_ {
            

            FrameTransformMatrix {
             0.990924,0.082420,0.106192,0.000000,-0.077489,0.995750,-0.049767,0.000000,-0.109842,0.041086,0.993099,0.000000,-1.104164,10.802602,0.457928,1.000000;;
            }

            Frame NPC_R_Finger31__RF31_ {
             

             FrameTransformMatrix {
              1.000000,0.000000,0.000000,0.000000,-0.000000,0.987099,-0.160110,0.000000,-0.000000,0.160110,0.987099,0.000000,0.000000,4.090138,0.000004,1.000000;;
             }

             Frame NPC_R_Finger32__RF32_ {
              

              FrameTransformMatrix {
               1.000000,-0.000000,0.000000,0.000000,0.000000,0.961124,-0.276118,0.000000,-0.000000,0.276118,0.961124,0.000000,0.000000,3.410124,0.000000,1.000000;;
              }
             }
            }
           }

           Frame NPC_R_Finger40__RF40_ {
            

            FrameTransformMatrix {
             0.961884,0.130853,0.240118,0.000000,-0.126564,0.991401,-0.033266,0.000000,-0.242406,0.001608,0.970174,0.000000,-3.257317,10.315986,-0.086395,1.000000;;
            }

            Frame NPC_R_Finger41__RF41_ {
             

             FrameTransformMatrix {
              1.000000,-0.000000,-0.000000,0.000000,0.000000,0.982616,-0.185653,0.000000,0.000000,0.185653,0.982616,0.000000,-0.000023,4.007645,-0.000019,1.000000;;
             }

             Frame NPC_R_Finger42__RF42_ {
              

              FrameTransformMatrix {
               1.000000,-0.000000,0.000000,0.000000,0.000000,0.903490,-0.428609,0.000000,-0.000000,0.428609,0.903490,0.000000,0.000000,2.784119,0.000000,1.000000;;
              }
             }
            }
           }

           Frame NPC_R_MagicNode__RMag_ {
            

            FrameTransformMatrix {
             1.000000,0.000000,0.000000,0.000000,0.000000,1.000000,-0.000000,0.000000,0.000000,0.000000,1.000000,0.000000,-0.000015,4.758228,-4.802334,1.000000;;
            }
           }

           Frame WEAPON {
            

            FrameTransformMatrix {
             0.000000,-1.000000,-0.000000,0.000000,0.000000,0.000000,-1.000000,0.000000,1.000000,0.000000,0.000000,0.000000,0.000004,10.395851,-2.726665,1.000000;;
            }
           }
          }

          Frame NPC_R_ForearmTwist1__RLt1_ {
           

           FrameTransformMatrix {
            0.000321,1.000000,0.000056,0.000000,-0.940524,0.000321,-0.339728,0.000000,-0.339728,0.000056,0.940524,0.000000,0.000000,10.117209,0.000004,1.000000;;
           }
          }

          Frame NPC_R_ForearmTwist2__RLt2_ {
           

           FrameTransformMatrix {
            -0.000055,1.000000,-0.000003,0.000000,-0.992302,-0.000055,-0.123845,0.000000,-0.123845,-0.000003,0.992302,0.000000,0.000000,4.638740,0.000004,1.000000;;
           }
          }
         }

         Frame NPC_R_UpperarmTwist1__RUt1_ {
          

          FrameTransformMatrix {
           0.000000,1.000000,0.000000,0.000000,-0.979925,0.000000,-0.199368,0.000000,-0.199368,0.000000,0.979925,0.000000,-0.000008,0.000000,0.000001,1.000000;;
          }

          Frame NPC_R_UpperarmTwist2__RUt2_ {
           

           FrameTransformMatrix {
            1.000000,-0.000001,0.000000,0.000000,0.000001,0.994362,0.106042,0.000000,-0.000000,-0.106042,0.994362,0.000000,7.040314,-0.000015,-0.000004,1.000000;;
           }
          }
         }
        }

        Frame NPC_R_Pauldron {
         

         FrameTransformMatrix {
          0.219091,0.975100,-0.034342,0.000000,-0.896583,0.187315,-0.401314,0.000000,-0.384888,0.118715,0.915297,0.000000,1.392159,11.194244,1.586548,1.000000;;
         }
        }
       }

       Frame NPC_L_Clavicle__LClv_ {
        

        FrameTransformMatrix {
         0.121303,0.910924,0.394339,0.000000,-0.981256,0.050116,0.186075,0.000000,0.149737,-0.409519,0.899929,0.000000,-3.806458,20.524605,-2.782944,1.000000;;
        }

        Frame NPC_L_UpperArm__LUar_ {
         

         FrameTransformMatrix {
          0.094073,0.732294,-0.674460,0.000000,-0.698016,0.531573,0.479796,0.000000,0.709876,0.425648,0.561159,0.000000,0.000000,11.349475,0.000008,1.000000;;
         }

         Frame NPC_L_Forearm__LLar_ {
          

          FrameTransformMatrix {
           1.000000,0.000000,0.000000,0.000000,-0.000000,0.755586,0.655049,0.000000,-0.000000,-0.655049,0.755586,0.000000,0.000000,25.574066,0.000002,1.000000;;
          }

          Frame NPC_L_Hand__LHnd_ {
           

           FrameTransformMatrix {
            -0.338502,0.103092,-0.935302,0.000000,-0.376150,0.896282,0.234926,0.000000,0.862513,0.431336,-0.264615,0.000000,0.000000,22.348885,0.000002,1.000000;;
           }

           Frame NPC_L_Finger00__LF00_ {
            

            FrameTransformMatrix {
             -0.650778,0.265579,0.711306,0.000000,-0.375744,0.701422,-0.605659,0.000000,-0.659776,-0.661418,-0.356680,0.000000,-2.009342,4.285767,-1.913101,1.000000;;
            }

            Frame NPC_L_Finger01__LF01_ {
             

             FrameTransformMatrix {
              0.988651,-0.135065,0.065779,0.000000,0.143327,0.979207,-0.143564,0.000000,-0.045021,0.151363,0.987453,0.000000,0.000000,3.624436,0.000000,1.000000;;
             }

             Frame NPC_L_Finger02__LF02_ {
              

              FrameTransformMatrix {
               0.998983,0.044909,-0.004097,0.000000,-0.043135,0.925117,-0.377224,0.000000,-0.013150,0.377017,0.926113,0.000000,0.003258,4.707853,-0.005844,1.000000;;
              }
             }
            }
           }

           Frame NPC_L_Finger10__LF10_ {
            

            FrameTransformMatrix {
             0.993573,-0.006430,-0.113014,0.000000,-0.004398,0.995439,-0.095303,0.000000,0.113111,0.095188,0.989012,0.000000,-3.522133,10.617386,-0.041927,1.000000;;
            }

            Frame NPC_L_Finger11__LF11_ {
             

             FrameTransformMatrix {
              1.000000,-0.000001,-0.000000,0.000000,0.000001,0.999169,-0.040759,0.000000,0.000000,0.040759,0.999169,0.000000,-0.000015,3.813122,0.000017,1.000000;;
             }

             Frame NPC_L_Finger12__LF12_ {
              

              FrameTransformMatrix {
               1.000001,0.000000,0.000000,0.000000,-0.000000,0.967169,-0.254135,0.000000,-0.000000,0.254135,0.967169,0.000000,0.000000,3.438664,0.000000,1.000000;;
              }
             }
            }
           }

           Frame NPC_L_Finger20__LF20_ {
            

            FrameTransformMatrix {
             0.998862,0.003569,0.047552,0.000000,-0.001963,0.999427,-0.033788,0.000000,-0.047646,0.033656,0.998297,0.000000,-1.082596,11.090286,0.647999,1.000000;;
            }

            Frame NPC_L_Finger21__LF21_ {
             

             FrameTransformMatrix {
              1.000000,0.000000,-0.000000,0.000000,-0.000000,0.990504,-0.137486,0.000000,0.000000,0.137486,0.990504,0.000000,0.000000,4.579842,-0.000008,1.000000;;
             }

             Frame NPC_L_Finger22__LF22_ {
              

              FrameTransformMatrix {
               1.000000,0.000000,0.000000,0.000000,-0.000000,0.978531,-0.206100,0.000000,-0.000000,0.206100,0.978531,0.000000,0.000004,3.860561,-0.000004,1.000000;;
              }
             }
            }
           }

           Frame NPC_L_Finger30__LF30_ {
            

            FrameTransformMatrix {
             0.990924,-0.082420,-0.106191,0.000000,0.077489,0.995750,-0.049767,0.000000,0.109842,0.041086,0.993100,0.000000,1.104172,10.802597,0.457924,1.000000;;
            }

            Frame NPC_L_Finger31__LF31_ {
             

             FrameTransformMatrix {
              1.000000,0.000000,-0.000000,0.000000,-0.000000,0.987099,-0.160110,0.000000,0.000000,0.160110,0.987099,0.000000,0.000004,4.090138,0.000011,1.000000;;
             }

             Frame NPC_L_Finger32__LF32_ {
              

              FrameTransformMatrix {
               1.000000,0.000000,-0.000000,0.000000,-0.000000,0.961124,-0.276118,0.000000,0.000000,0.276118,0.961124,0.000000,-0.000008,3.410137,-0.000004,1.000000;;
              }
             }
            }
           }

           Frame NPC_L_Finger40__LF40_ {
            

            FrameTransformMatrix {
             0.961884,-0.130853,-0.240118,0.000000,0.126564,0.991401,-0.033266,0.000000,0.242406,0.001607,0.970174,0.000000,3.257324,10.315983,-0.086399,1.000000;;
            }

            Frame NPC_L_Finger41__LF41_ {
             

             FrameTransformMatrix {
              1.000000,0.000000,0.000000,0.000000,-0.000000,0.982615,-0.185653,0.000000,-0.000000,0.185653,0.982615,0.000000,0.000008,4.007645,-0.000002,1.000000;;
             }

             Frame NPC_L_Finger42__LF42_ {
              

              FrameTransformMatrix {
               1.000000,0.000000,0.000000,0.000000,0.000000,0.903491,-0.428609,0.000000,-0.000000,0.428609,0.903491,0.000000,-0.000011,2.784107,0.000011,1.000000;;
              }
             }
            }
           }

           Frame NPC_L_MagicNode__LMag_ {
            

            FrameTransformMatrix {
             1.000000,0.000000,-0.000000,0.000000,-0.000000,1.000000,-0.000000,0.000000,-0.000000,-0.000000,1.000000,0.000000,-0.000004,4.758224,-4.802342,1.000000;;
            }
           }

           Frame SHIELD {
            

            FrameTransformMatrix {
             0.000000,1.000000,0.000000,0.000000,-0.000000,0.000000,-1.000000,0.000000,-1.000000,0.000000,0.000000,0.000000,0.000004,10.395858,-2.726681,1.000000;;
            }
           }
          }

          Frame NPC_L_ForearmTwist1__LLt1_ {
           

           FrameTransformMatrix {
            0.000321,1.000000,-0.000056,0.000000,0.940524,-0.000321,-0.339728,0.000000,-0.339728,0.000056,-0.940524,0.000000,0.000000,10.117290,0.000000,1.000000;;
           }
          }

          Frame NPC_L_ForearmTwist2__LLt2_ {
           

           FrameTransformMatrix {
            0.000410,1.000000,-0.000024,0.000000,0.993012,-0.000410,-0.118015,0.000000,-0.118015,0.000024,-0.993012,0.000000,0.000000,4.638630,0.000002,1.000000;;
           }
          }
         }

         Frame NPC_L_UpperarmTwist1__LUt1_ {
          

          FrameTransformMatrix {
           0.053054,0.998019,-0.033813,0.000000,0.992312,-0.048899,0.113697,0.000000,0.111818,-0.039585,-0.992940,0.000000,-0.000015,0.000008,0.000003,1.000000;;
          }

          Frame NPC_L_UpperarmTwist2__LUt2_ {
           

           FrameTransformMatrix {
            0.999504,-0.025021,-0.019110,0.000000,0.026061,0.998076,0.056262,0.000000,0.017665,-0.056732,0.998233,0.000000,7.040337,-0.000015,0.000002,1.000000;;
           }
          }
         }
        }

        Frame NPC_L_Pauldron {
         

         FrameTransformMatrix {
          0.371630,-0.927753,-0.034157,0.000000,0.825991,0.347216,-0.444049,0.000000,0.423827,0.136809,0.895351,0.000000,0.156841,9.479253,1.702499,1.000000;;
         }
        }
       }

       Frame WeaponBack {
        

        FrameTransformMatrix {
         0.853238,0.506031,-0.126161,0.000000,-0.085058,0.373696,0.923643,0.000000,0.514538,-0.777356,0.361894,0.000000,-3.718616,5.887749,-9.249825,1.000000;;
        }
       }

       Frame WeaponBow {
        

        FrameTransformMatrix {
         0.901312,-0.431229,0.040963,0.000000,-0.075295,-0.249092,-0.965548,0.000000,0.426576,0.867176,-0.256980,0.000000,-0.994277,-4.464161,-16.588616,1.000000;;
        }
       }

       Frame QUIVER {
        

        FrameTransformMatrix {
         -0.910392,0.413396,-0.017000,0.000000,-0.073838,-0.202763,-0.976440,0.000000,-0.407104,-0.887688,0.215118,0.000000,-7.592641,-17.551139,-7.118408,1.000000;;
        }
       }
      }

      Frame MagicEffectsNode {
       

       FrameTransformMatrix {
        1.000000,-0.000000,-0.000000,0.000000,0.000000,1.000000,0.000000,0.000000,0.000000,-0.000000,1.000000,0.000000,0.000000,8.261124,0.000002,1.000000;;
       }
      }
     }
    }
   }

   Frame Capsule01 {
    

    FrameTransformMatrix {
     1.000000,0.000000,0.000000,0.000000,0.000000,1.000000,0.000000,0.000000,0.000000,0.000000,1.000000,0.000000,0.000003,104.061670,32.453130,1.000000;;
    }
   }
  }

  Frame NPC_R_FootBox {
   

   FrameTransformMatrix {
    0.980059,0.000000,-0.198709,0.000000,0.000000,1.000000,0.000000,0.000000,0.198709,-0.000000,0.980059,0.000000,6.330952,0.000001,-2.585782,1.000000;;
   }

   Frame NPC_R_HeelPivot {
    

    FrameTransformMatrix {
     1.000000,0.000000,0.000000,0.000000,0.000000,1.000000,0.000000,0.000000,0.000000,0.000000,1.000000,0.000000,-0.164496,-0.000000,-11.052134,1.000000;;
    }

    Frame NPC_R_ToePivot {
     

     FrameTransformMatrix {
      1.000000,0.000000,0.000000,0.000000,0.000000,1.000000,0.000000,0.000000,0.000000,0.000000,1.000000,0.000000,0.164506,0.000006,22.280224,1.000000;;
     }
    }
   }
  }

  Frame NPC_L_FootBox {
   

   FrameTransformMatrix {
    0.980059,-0.000000,0.198709,0.000000,-0.000000,1.000000,0.000000,0.000000,-0.198709,-0.000000,0.980059,0.000000,-6.330952,0.000001,-2.585782,1.000000;;
   }

   Frame NPC_L_HeelPivot {
    

    FrameTransformMatrix {
     1.000000,0.000000,0.000000,0.000000,0.000000,1.000000,0.000000,0.000000,0.000000,0.000000,1.000000,0.000000,0.164496,-0.000000,-11.052134,1.000000;;
    }

    Frame NPC_L_ToePivot {
     

     FrameTransformMatrix {
      1.000000,0.000000,0.000000,0.000000,0.000000,1.000000,0.000000,0.000000,0.000000,0.000000,1.000000,0.000000,-0.164502,0.000006,22.280224,1.000000;;
     }
    }
   }
  }
 }

 Frame Eye_L {
  

  FrameTransformMatrix {
   -1.000000,-0.000010,0.000203,0.000000,0.000203,0.000098,1.000000,0.000000,-0.000010,1.000000,-0.000098,0.000000,-2.557236,137.582643,5.965504,1.000000;;
  }

  Mesh Eye_L {
   4;
   -0.469581;0.000000;0.481613;,
   0.469581;-0.000000;0.481613;,
   -0.469581;0.000000;-0.481613;,
   0.469581;-0.000000;-0.481613;;
   2;
   3;0,1,2;,
   3;3,2,1;;

   MeshMaterialList {
    1;
    2;
    0,
    0;
    { Mat_Eye_L }
   }

   DeclData {
    4;
    2;0;3;0;,
    2;0;6;0;,
    2;0;7;0;,
    1;0;5;0;;
    44;
    2890238464,
    1065353216,
    0,
    1065353216,
    742754816,
    0,
    0,
    0,
    3212836864,
    0,
    0,
    2890238464,
    1065353216,
    0,
    1065353216,
    742754815,
    0,
    0,
    0,
    3212836864,
    1065353216,
    0,
    2890238464,
    1065353216,
    0,
    1065353216,
    742754815,
    0,
    0,
    0,
    3212836864,
    0,
    1065353216,
    2890238464,
    1065353216,
    0,
    1065353216,
    742754816,
    0,
    0,
    0,
    3212836864,
    1065353216,
    1065353216;
   }

   XSkinMeshHeader {
    1;
    1;
    1;
   }

   SkinWeights {
    "NPC_Head__Head_";
    4;
    0,
    1,
    2,
    3;
    1.000000,
    1.000000,
    1.000000,
    1.000000;
    -0.999954,-0.000051,-0.009601,0.000000,-0.009594,0.044666,0.998956,0.000000,0.000378,0.999002,-0.044664,0.000000,-2.621973,3.651626,8.188553,1.000000;;
   }
  }
 }

 Frame Eye_R {
  

  FrameTransformMatrix {
   -1.000000,-0.000010,0.000203,0.000000,0.000203,0.000098,1.000000,0.000000,-0.000010,1.000000,-0.000098,0.000000,2.538498,137.582643,5.965504,1.000000;;
  }

  Mesh Eye_R {
   4;
   -0.469581;0.000000;0.481613;,
   0.469581;-0.000000;0.481613;,
   -0.469581;0.000000;-0.481613;,
   0.469581;-0.000000;-0.481613;;
   2;
   3;0,1,2;,
   3;3,2,1;;

   MeshMaterialList {
    1;
    2;
    0,
    0;
    { Mat_Eye_R }
   }

   DeclData {
    4;
    2;0;3;0;,
    2;0;6;0;,
    2;0;7;0;,
    1;0;5;0;;
    44;
    2890238464,
    1065353216,
    0,
    1065353216,
    742754816,
    0,
    0,
    0,
    3212836864,
    0,
    0,
    2890238464,
    1065353216,
    0,
    1065353216,
    742754815,
    0,
    0,
    0,
    3212836864,
    1065353216,
    0,
    2890238464,
    1065353216,
    0,
    1065353216,
    742754815,
    0,
    0,
    0,
    3212836864,
    0,
    1065353216,
    2890238464,
    1065353216,
    0,
    1065353216,
    742754816,
    0,
    0,
    0,
    3212836864,
    1065353216,
    1065353216;
   }

   XSkinMeshHeader {
    1;
    1;
    1;
   }

   SkinWeights {
    "NPC_Head__Head_";
    4;
    0,
    1,
    2,
    3;
    1.000000,
    1.000000,
    1.000000,
    1.000000;
    -0.999954,-0.000051,-0.009601,0.000000,-0.009594,0.044666,0.998956,0.000000,0.000378,0.999002,-0.044664,0.000000,2.473516,3.651886,8.238513,1.000000;;
   }
  }
 }

 Frame Body_Male_Naked {
  

  FrameTransformMatrix {
   1.000000,0.000000,0.000000,0.000000,0.000000,1.000000,0.000000,0.000000,0.000000,0.000000,1.000000,0.000000,0.009354,-0.000001,-6.146476,1.000000;;
  }

  Mesh Body_Male_Naked {
   3470;
   -0.000067;135.781798;-1.897914;,
   -1.501120;134.004813;-0.654321;,
   -2.054179;135.660006;-1.390670;,
   -0.000118;133.938586;-1.203278;,
   -3.400127;134.112883;11.805142;,
   -2.695322;135.031194;12.299066;,
   -3.740648;134.554714;11.563271;,
   -2.303545;134.538099;12.226294;,
   -1.104566;132.641754;0.731224;,
   -0.000388;130.365069;0.513684;,
   -1.410471;130.349338;1.146777;,
   -0.000254;132.633549;0.145341;,
   -3.160871;129.417088;7.419099;,
   -1.847193;128.282150;7.517314;,
   -2.370919;128.474202;9.042551;,
   -2.418430;128.898483;5.986075;,
   -1.827480;126.756352;6.777930;,
   -1.268429;127.059123;5.542110;,
   -0.000118;143.828314;1.458417;,
   -1.656477;144.639744;5.267682;,
   -0.000034;144.782042;5.323054;,
   -2.578868;143.562688;1.785047;,
   -0.000405;139.889050;-1.751493;,
   -2.273182;137.712678;-1.504262;,
   -2.379375;139.853069;-1.289740;,
   -0.000051;137.714739;-2.229078;,
   -1.694182;135.306701;13.035651;,
   -1.411602;134.630899;13.085492;,
   -0.000152;126.081318;8.306134;,
   -1.312817;127.588902;8.408396;,
   -1.235147;126.360102;7.972407;,
   -0.000270;127.161830;8.775052;,
   -4.994073;141.334643;1.910913;,
   -4.833585;142.940762;4.723580;,
   -4.319244;142.485133;1.890646;,
   -5.202578;141.394803;4.534941;,
   -0.000236;141.866214;-0.802208;,
   -2.392472;141.777984;-0.466862;,
   -5.456939;137.680179;1.655622;,
   -4.210534;139.761114;-0.097068;,
   -4.162822;137.666342;-0.264143;,
   -5.338240;139.661824;1.777560;,
   -5.028436;135.436032;1.790290;,
   -3.060603;134.039565;0.512336;,
   -4.561638;133.573133;1.878052;,
   -3.819702;135.574502;-0.071119;,
   -3.397039;132.129933;2.406843;,
   -2.305350;132.582157;1.099921;,
   -2.615880;130.270541;2.236227;,
   -0.559321;128.486310;13.988006;,
   -0.000760;129.669056;13.920528;,
   -0.646982;129.609894;13.825802;,
   -0.000135;128.489472;14.048114;,
   -0.009012;138.494886;13.340664;,
   -0.367406;137.984934;13.158667;,
   -0.000540;138.133082;13.258990;,
   -0.379306;138.284301;13.249464;,
   -4.996065;136.235622;9.733848;,
   -4.842260;137.806285;10.341396;,
   -4.767848;137.911526;9.691543;,
   -4.892099;136.318643;10.332630;,
   -0.000506;137.765299;13.462518;,
   -0.560553;137.067994;13.789029;,
   -0.000236;137.093965;14.097382;,
   -0.302006;137.781030;13.439941;,
   -4.573773;138.995878;10.612807;,
   -4.537418;139.372083;9.884770;,
   -3.224736;140.348826;11.803221;,
   -1.422977;139.271744;13.204394;,
   -1.750046;140.217562;12.254923;,
   -2.849363;139.653350;12.721077;,
   -5.002884;139.252186;8.774614;,
   -4.693148;137.233062;8.829817;,
   -2.841060;143.216832;9.681934;,
   -3.760851;141.494234;10.799524;,
   -2.342245;142.003763;11.328096;,
   -4.414871;142.295962;9.430773;,
   -4.753299;141.007514;9.092458;,
   -4.515765;140.581517;10.408452;,
   -4.148966;139.874547;11.257433;,
   -4.044443;139.398029;11.902463;,
   -3.651855;130.285504;5.247686;,
   -3.820968;127.430810;5.217993;,
   -3.189411;127.462541;5.066160;,
   -4.350567;130.311859;4.784230;,
   -5.197211;136.861133;6.421879;,
   -5.314442;139.039552;7.115519;,
   -5.427539;137.820928;5.718306;,
   -4.940994;136.832730;7.556196;,
   -5.160486;141.213069;7.241453;,
   -4.788640;142.780506;7.386154;,
   -3.542084;143.989414;5.048036;,
   -3.285664;143.796710;7.655119;,
   -5.026951;133.801971;6.196735;,
   -5.347674;135.230093;7.642270;,
   -5.265093;134.889101;6.234098;,
   -4.844944;134.420826;7.565991;,
   -4.595865;133.472973;7.251334;,
   -4.403209;132.435840;6.347707;,
   -4.723476;132.143066;7.054803;,
   -4.459968;133.263949;6.251179;,
   -5.250156;135.057907;8.993198;,
   -4.205624;134.407590;10.535972;,
   -4.631460;134.780442;10.347619;,
   -4.497790;134.503040;9.551227;,
   -1.748915;127.909184;12.751056;,
   -2.839338;128.767104;10.274358;,
   -1.519989;127.988429;12.019528;,
   -2.822140;128.852070;11.395321;,
   -1.254877;128.075072;10.187305;,
   -0.000321;128.749338;0.245124;,
   -1.877134;126.864397;0.287174;,
   -1.552259;128.461491;0.792665;,
   -0.000371;127.194803;-0.417661;,
   -3.176602;126.305101;1.509303;,
   -2.594175;127.988429;1.949845;,
   -3.490540;127.330048;3.900246;,
   -3.773205;124.420429;5.355797;,
   -3.987937;127.375821;4.502669;,
   -3.499401;124.349978;4.398233;,
   -0.739944;125.201549;6.750396;,
   -1.204531;125.058445;6.437222;,
   -0.004118;124.969997;7.270942;,
   -2.385518;134.044928;12.970281;,
   -1.301408;134.276403;13.625142;,
   -2.891253;133.573811;12.446328;,
   -1.549811;133.678029;13.530550;,
   -2.161267;133.479616;13.101121;,
   -3.474658;133.915878;10.706317;,
   -2.982864;133.035123;11.827179;,
   -2.587677;133.148570;12.832578;,
   -1.900594;128.391040;13.188680;,
   -2.474902;129.744486;12.696830;,
   -2.832064;129.246592;12.321186;,
   -1.647414;129.387341;13.316687;,
   -1.624546;131.509069;13.642542;,
   -1.849742;131.180634;13.139750;,
   -1.572596;131.116160;13.677376;,
   -1.881151;131.470810;13.120646;,
   -0.006464;131.360627;14.243920;,
   -0.568772;131.636378;14.144254;,
   -0.614781;131.194061;14.089896;,
   -0.011527;131.559910;14.193253;,
   -1.854299;133.086822;13.071497;,
   -1.443652;133.307072;13.591690;,
   -2.410733;132.741133;12.861579;,
   -0.000118;130.414669;14.149414;,
   -0.611692;130.350221;14.012200;,
   -5.299337;136.206899;8.733794;,
   -5.312383;136.139059;7.627972;,
   -5.389362;136.174822;6.245901;,
   -3.941912;135.244416;11.862351;,
   -4.234332;134.870976;11.300934;,
   -0.630443;135.369498;14.308834;,
   -0.291643;134.818355;14.551883;,
   -0.367609;135.072307;14.777314;,
   -0.489634;135.111142;14.191616;,
   -0.002616;133.787930;14.219099;,
   -0.501566;133.505472;14.329285;,
   -0.003190;133.485658;14.374642;,
   -0.448334;133.939789;14.061738;,
   -0.476976;133.261363;14.388165;,
   -0.000085;133.099366;14.379027;,
   0.000135;144.671923;7.853858;,
   -1.321577;144.515123;7.791910;,
   -0.000135;142.383834;11.746330;,
   -1.186590;143.798810;9.926180;,
   -0.970829;142.342810;11.668990;,
   -0.000051;143.928602;9.999694;,
   -0.572013;139.228723;13.302474;,
   -0.000118;140.256563;12.442687;,
   -0.699235;140.190733;12.525271;,
   0.005823;139.436224;13.062257;,
   -0.009063;138.911091;13.280673;,
   -0.596755;138.530330;13.362330;,
   -4.684810;131.854502;4.575745;,
   -4.637097;133.028019;5.421251;,
   -4.851104;133.175373;4.547823;,
   -3.891348;131.855117;5.205786;,
   -2.097470;136.516582;12.351234;,
   -2.687575;135.593446;12.415860;,
   -1.906619;136.051264;12.633232;,
   -2.821954;136.202957;12.101894;,
   -0.688163;137.773107;12.624026;,
   -0.702881;138.021133;12.760582;,
   -4.107227;137.381747;11.251818;,
   -4.442618;136.661517;11.156773;,
   -4.162670;136.800909;11.332868;,
   -4.405554;137.421709;11.143015;,
   -4.098114;137.940659;11.534306;,
   -4.322602;138.220646;11.491259;,
   -0.601059;137.632640;13.093062;,
   -0.944229;136.688051;12.872959;,
   -0.705868;136.985280;13.266780;,
   -0.872044;137.268186;12.522590;,
   -1.734266;138.099456;12.683510;,
   -2.750613;138.928422;12.776313;,
   -2.674917;138.443981;12.379778;,
   -1.460260;138.596954;13.284973;,
   -3.761643;138.758451;12.077902;,
   -3.497932;138.312845;11.976921;,
   -3.436178;136.265792;11.802090;,
   -3.494203;135.705792;11.911467;,
   -1.033275;138.019213;12.849101;,
   -4.559984;138.644122;11.218113;,
   -4.705164;137.529971;10.871589;,
   -4.739914;136.457472;10.786878;,
   -4.063987;141.424256;0.384816;,
   -5.580466;139.513690;4.493953;,
   -4.570364;135.483891;11.331047;,
   -4.760623;135.242957;10.798530;,
   -5.004149;135.179597;10.076107;,
   -3.885153;136.495578;11.629772;,
   -4.256256;136.092890;11.523278;,
   -5.394020;135.449779;8.836157;,
   -3.717272;130.875520;5.912241;,
   -3.856006;132.488678;5.866868;,
   -3.281968;130.780173;5.459020;,
   -3.380768;124.667482;6.227168;,
   -2.614951;124.803648;5.989194;,
   -4.041439;130.265651;10.134395;,
   -3.618640;130.500582;10.753695;,
   -0.579827;127.869568;13.601250;,
   -0.000034;127.920973;13.707440;,
   -3.646792;131.352717;10.183057;,
   -4.415580;132.230810;8.893737;,
   -4.425825;131.204890;9.362250;,
   -3.617796;132.237990;9.728537;,
   -4.670836;131.102157;7.343310;,
   -4.266551;130.966182;6.426414;,
   -1.240666;129.452544;13.676973;,
   -1.234607;128.449702;13.785168;,
   -1.111485;131.244646;13.939091;,
   -1.094203;131.487437;13.910293;,
   -1.238590;130.157043;13.786718;,
   -1.611431;130.092531;13.434968;,
   -1.214286;127.851725;13.357812;,
   -0.289145;134.629133;13.923090;,
   -0.154699;134.536563;14.150931;,
